0.11522965350523771
0.11012624227773302
0.11361804995970991
0.11039484286865431
0.11173784582326081
0.11603545527800162
0.11764705882352941
0.1187214611872146
0.1232876712328767
0.10126242277733011
0.126242277733011
0.10609723341391351
0.11361804995970991
0.11657265645984421
0.1109320440504969
0.10582863282299221
0.10582863282299221
0.11469245232339512
0.11925866236905722
0.10663443459575611
0.1050228310502283
0.10985764168681171
0.11764705882352941
0.11388665055063121
0.1109320440504969
0.11630405586892291
0.11576685468708031
0.115498254096159
0.11200644641418211
0.10932044050496911
0.11791565941445072
0.1168412570507655
0.11710985764168681
0.1200644641418211
0.11764705882352941
0.1063658340048348
0.10851463873220521
0.1095890410958904
0.10609723341391351
0.1095890410958904
0.10556003223207092
0.11657265645984421
0.10394842868654311
0.11979586355089981
0.12140746709642761
0.11442385173247381
0.11603545527800162
0.11173784582326081
0.11899006177813591
0.1187214611872146
0.10932044050496911
0.11979586355089981
0.11603545527800162
0.1122750470051034
0.1141552511415525
0.10663443459575611
0.11388665055063121
0.12060166532366372
0.10744023636852001
0.11710985764168681
0.11496105291431641
0.11388665055063121
0.11254364759602471
0.11334944936878862
0.10985764168681171
0.11120064464141821
0.1109320440504969
0.12275047005103411
0.11442385173247381
0.115498254096159
0.11200644641418211
0.1187214611872146
-----------------------------------
0.12033306473274241
0.11469245232339512
0.10475423045930701
0.10556003223207092
0.11469245232339512
0.11173784582326081
0.11710985764168681
0.11281224818694602
0.10905183991404781
0.1082460381412839
0.11576685468708031
0.10556003223207092
0.10717163577759871
0.11496105291431641
0.11630405586892291
0.11281224818694602
0.12113886650550632
0.11469245232339512
0.11012624227773302
0.11469245232339512
0.11146924523233952
0.12140746709642761
0.11120064464141821
0.11522965350523771
0.10985764168681171
0.12113886650550632
0.10717163577759871
0.11845286059629331
0.11388665055063121
0.12543647596024712
0.1187214611872146
0.11442385173247381
0.10582863282299221
0.10421702927746442
0.11710985764168681
0.11012624227773302
0.11603545527800162
0.11120064464141821
0.10985764168681171
0.11120064464141821
0.1036798280956218
0.1036798280956218
0.1095890410958904
0.11254364759602471
0.1082460381412839
0.11791565941445072
0.11496105291431641
0.11066344345957561
0.115498254096159
0.1082460381412839
0.10878323932312652
0.11603545527800162
0.11281224818694602
0.11281224818694602
0.11120064464141821
0.12436207359656191
0.11522965350523771
0.11066344345957561
0.1082460381412839
0.11388665055063121
0.11066344345957561
0.11469245232339512
0.11469245232339512
0.1082460381412839
0.11012624227773302
0.11012624227773302
0.11657265645984421
0.1082460381412839
0.1063658340048348
-----------------------------------
0.1063658340048348
0.11146924523233952
0.10905183991404781
0.11522965350523771
0.12087026591458501
0.10985764168681171
0.11281224818694602
0.11630405586892291
0.10797743755036261
0.12248186946011282
0.10905183991404781
0.1122750470051034
0.11657265645984421
0.11388665055063121
0.11603545527800162
0.11845286059629331
0.11361804995970991
0.10556003223207092
0.10851463873220521
0.11764705882352941
0.11737845823260812
0.11818426000537201
0.11173784582326081
0.11066344345957561
0.10851463873220521
0.12543647596024712
0.1095890410958904
0.11039484286865431
0.11442385173247381
0.10475423045930701
0.10529143164114961
0.11791565941445072
0.11254364759602471
0.11173784582326081
0.10556003223207092
0.10663443459575611
0.11764705882352941
0.11522965350523771
0.10878323932312652
0.11979586355089981
0.11603545527800162
0.12248186946011282
0.115498254096159
0.11200644641418211
0.10744023636852001
0.10985764168681171
0.1141552511415525
0.11012624227773302
0.12033306473274241
0.10394842868654311
0.11146924523233952
0.11710985764168681
0.11388665055063121
0.11469245232339512
0.115498254096159
0.10609723341391351
0.11146924523233952
0.11737845823260812
0.1082460381412839
0.1050228310502283
0.10932044050496911
0.1141552511415525
-----------------------------------
0.1095890410958904
0.11603545527800162
0.11066344345957561
0.11361804995970991
0.1095890410958904
0.1141552511415525
0.11576685468708031
0.10797743755036261
0.11254364759602471
0.10690303518667742
0.11791565941445072
0.1141552511415525
0.11066344345957561
0.11012624227773302
0.11630405586892291
0.10932044050496911
0.12167606768734891
0.11146924523233952
0.10448562986838571
0.1141552511415525
0.11469245232339512
0.11039484286865431
0.12221326886919151
0.11012624227773302
0.10932044050496911
0.11442385173247381
0.1082460381412839
0.1187214611872146
0.11361804995970991
0.1082460381412839
0.12087026591458501
0.12033306473274241
0.1095890410958904
0.11630405586892291
0.11334944936878862
0.10797743755036261
0.11146924523233952
0.11818426000537201
0.11012624227773302
0.1095890410958904
0.11200644641418211
0.1187214611872146
0.12087026591458501
0.11254364759602471
0.10985764168681171
0.1259736771420897
0.10448562986838571
0.10797743755036261
0.10421702927746442
0.11281224818694602
0.11603545527800162
0.10126242277733011
0.11818426000537201
0.1109320440504969
0.11603545527800162
0.1246306741874832
0.10878323932312652
0.1082460381412839
-----------------------------------
0.11388665055063121
0.11442385173247381
0.0999194198227236
0.11710985764168681
0.1031426269137792
0.1036798280956218
0.12812248186946013
0.11334944936878862
0.12409347300564061
0.11334944936878862
0.1077088369594413
0.115498254096159
0.11361804995970991
0.10153102336825141
0.1122750470051034
0.10475423045930701
0.10690303518667742
0.10690303518667742
0.10448562986838571
0.115498254096159
0.12060166532366372
0.10717163577759871
0.11764705882352941
0.11469245232339512
0.10985764168681171
0.12382487241471932
0.10260542573193661
0.12221326886919151
0.11791565941445072
0.1082460381412839
0.10448562986838571
0.115498254096159
0.10932044050496911
0.11603545527800162
0.10851463873220521
0.11603545527800162
0.1082460381412839
0.11469245232339512
0.12570507655116842
0.11657265645984421
0.10475423045930701
0.10556003223207092
0.10932044050496911
0.11200644641418211
0.11657265645984421
0.11442385173247381
0.12570507655116842
0.1141552511415525
0.11899006177813591
0.1122750470051034
0.11764705882352941
-----------------------------------
0.11200644641418211
0.11657265645984421
0.11737845823260812
0.1187214611872146
0.11254364759602471
0.1063658340048348
0.1141552511415525
0.1109320440504969
0.11576685468708031
0.10341122750470051
0.1082460381412839
0.1095890410958904
0.10985764168681171
0.11012624227773302
0.1095890410958904
0.11388665055063121
0.1246306741874832
0.1095890410958904
0.12489927477840451
0.11845286059629331
0.12221326886919151
0.10985764168681171
0.10878323932312652
0.11845286059629331
0.1251678753693258
0.10448562986838571
0.10985764168681171
0.10609723341391351
0.12194466827827022
0.11012624227773302
0.11308084877786731
0.11066344345957561
0.11522965350523771
0.10932044050496911
0.10475423045930701
0.1109320440504969
0.1122750470051034
0.1050228310502283
0.1122750470051034
0.11388665055063121
0.11120064464141821
0.11818426000537201
0.11791565941445072
0.11442385173247381
0.11791565941445072
0.10690303518667742
0.10878323932312652
0.11361804995970991
0.12033306473274241
0.10582863282299221
0.10985764168681171
0.10932044050496911
0.10582863282299221
0.10878323932312652
0.10985764168681171
0.11925866236905722
0.11522965350523771
0.10851463873220521
0.1275852806876175
0.1141552511415525
-----------------------------------
0.11469245232339512
0.11388665055063121
0.12194466827827022
0.10797743755036261
0.11012624227773302
0.11173784582326081
0.11308084877786731
0.11120064464141821
0.10690303518667742
0.12275047005103411
0.1275852806876175
0.10851463873220521
0.11496105291431641
0.11039484286865431
0.11522965350523771
0.10851463873220521
0.1063658340048348
0.11979586355089981
0.10905183991404781
0.11066344345957561
0.11845286059629331
0.10985764168681171
0.11200644641418211
0.11791565941445072
0.11361804995970991
0.11120064464141821
0.11576685468708031
0.11657265645984421
0.11308084877786731
0.11361804995970991
0.11388665055063121
0.1095890410958904
0.11173784582326081
0.10932044050496911
0.11496105291431641
0.11120064464141821
0.1122750470051034
0.1095890410958904
0.11818426000537201
0.1082460381412839
0.11899006177813591
0.11120064464141821
0.11818426000537201
0.12301907064195541
0.10663443459575611
0.11818426000537201
0.11791565941445072
0.1109320440504969
0.1168412570507655
0.11200644641418211
0.1082460381412839
0.11173784582326081
0.1109320440504969
0.11469245232339512
0.11066344345957561
0.11496105291431641
0.10717163577759871
0.11925866236905722
0.1141552511415525
0.1187214611872146
0.1187214611872146
0.1168412570507655
0.11334944936878862
0.1200644641418211
0.11764705882352941
0.10099382218640882
0.1141552511415525
0.11496105291431641
0.11308084877786731
0.10260542573193661
0.11496105291431641
0.11496105291431641
-----------------------------------
0.11522965350523771
0.11522965350523771
0.1082460381412839
0.12248186946011282
0.10797743755036261
0.11200644641418211
0.1063658340048348
0.11737845823260812
0.11388665055063121
0.11012624227773302
0.11146924523233952
0.11764705882352941
0.11442385173247381
0.11737845823260812
0.1082460381412839
0.1109320440504969
0.10878323932312652
0.11281224818694602
0.11818426000537201
0.11388665055063121
0.11442385173247381
0.11764705882352941
0.11308084877786731
0.11281224818694602
0.11334944936878862
0.1095890410958904
0.10341122750470051
0.1232876712328767
0.11737845823260812
0.12275047005103411
0.1168412570507655
0.11630405586892291
0.11308084877786731
0.11630405586892291
0.1232876712328767
0.10126242277733011
0.11657265645984421
0.11603545527800162
0.11308084877786731
0.1063658340048348
0.10663443459575611
0.11308084877786731
0.10932044050496911
0.1232876712328767
0.1036798280956218
0.11442385173247381
0.11818426000537201
0.1082460381412839
0.11066344345957561
0.11469245232339512
0.10529143164114961
0.1168412570507655
0.1122750470051034
0.10985764168681171
0.11334944936878862
0.12194466827827022
0.10878323932312652
-----------------------------------
0.10475423045930701
0.11146924523233952
0.10394842868654311
0.11308084877786731
0.1109320440504969
0.10690303518667742
0.11469245232339512
0.1095890410958904
0.11442385173247381
0.11012624227773302
0.11791565941445072
0.11737845823260812
0.11469245232339512
0.1141552511415525
0.10663443459575611
0.11200644641418211
0.12087026591458501
0.10609723341391351
0.1187214611872146
0.12301907064195541
0.12140746709642761
0.1187214611872146
0.11603545527800162
0.1251678753693258
0.10448562986838571
0.0999194198227236
0.11496105291431641
0.12221326886919151
0.11899006177813591
0.1077088369594413
0.1200644641418211
0.11818426000537201
0.1200644641418211
0.10556003223207092
0.11469245232339512
0.10690303518667742
0.10797743755036261
0.11308084877786731
0.11576685468708031
0.11361804995970991
0.115498254096159
0.11120064464141821
0.11200644641418211
0.10582863282299221
0.11173784582326081
0.11066344345957561
0.11710985764168681
0.11737845823260812
0.11496105291431641
0.11845286059629331
0.11442385173247381
0.10233682514101532
0.1063658340048348
0.12194466827827022
0.11146924523233952
0.115498254096159
0.11039484286865431
0.11522965350523771
0.10797743755036261
0.10797743755036261
0.11334944936878862
0.10985764168681171
0.11576685468708031
0.10797743755036261
0.1082460381412839
0.11899006177813591
0.12248186946011282
0.11899006177813591
-----------------------------------
0.1109320440504969
0.11603545527800162
0.11173784582326081
0.11442385173247381
0.12221326886919151
0.10153102336825141
0.1187214611872146
0.10797743755036261
0.11630405586892291
0.11308084877786731
0.11039484286865431
0.11657265645984421
0.1109320440504969
0.11200644641418211
0.11737845823260812
0.11146924523233952
0.1141552511415525
0.10475423045930701
0.11818426000537201
0.11522965350523771
0.11845286059629331
0.11334944936878862
0.11200644641418211
0.10287402632285791
0.11254364759602471
0.11281224818694602
0.11173784582326081
0.1077088369594413
0.11952726295997851
0.11496105291431641
0.12194466827827022
0.10932044050496911
0.11764705882352941
0.1141552511415525
0.11012624227773302
0.11254364759602471
0.12113886650550632
0.11361804995970991
0.11657265645984421
0.10448562986838571
0.11496105291431641
0.1141552511415525
0.11469245232339512
0.11281224818694602
0.1141552511415525
0.11066344345957561
0.11979586355089981
0.10797743755036261
0.11522965350523771
0.10878323932312652
0.11603545527800162
0.1122750470051034
0.1109320440504969
0.1141552511415525
0.11361804995970991
0.11388665055063121
0.10878323932312652
0.11012624227773302
0.10663443459575611
0.10717163577759871
0.12033306473274241
0.11818426000537201
0.10744023636852001
0.12194466827827022
-----------------------------------
0.11710985764168681
0.10797743755036261
0.115498254096159
0.11039484286865431
0.12033306473274241
0.11146924523233952
0.11039484286865431
0.115498254096159
0.10448562986838571
0.12409347300564061
0.10582863282299221
0.1036798280956218
0.11388665055063121
0.10797743755036261
0.11173784582326081
0.11254364759602471
0.10744023636852001
0.11952726295997851
0.1122750470051034
0.1050228310502283
0.10851463873220521
0.12167606768734891
0.1200644641418211
0.1122750470051034
0.11657265645984421
0.12113886650550632
0.1259736771420897
0.1095890410958904
0.1036798280956218
0.11388665055063121
0.11469245232339512
0.11173784582326081
0.10985764168681171
0.10744023636852001
0.10421702927746442
0.11146924523233952
0.1109320440504969
0.10717163577759871
0.115498254096159
0.11308084877786731
0.1095890410958904
0.10556003223207092
0.11522965350523771
0.11308084877786731
0.11952726295997851
0.1141552511415525
0.11361804995970991
0.10717163577759871
0.10878323932312652
0.11066344345957561
0.11979586355089981
0.11200644641418211
0.11496105291431641
0.11066344345957561
0.11281224818694602
-----------------------------------
0.10744023636852001
0.10421702927746442
0.10985764168681171
0.11146924523233952
0.11899006177813591
0.1109320440504969
0.1050228310502283
0.11039484286865431
0.10851463873220521
0.10932044050496911
0.10851463873220521
0.10905183991404781
0.11334944936878862
0.11469245232339512
0.11657265645984421
0.10717163577759871
0.11710985764168681
0.11737845823260812
0.10690303518667742
0.11576685468708031
0.11576685468708031
0.10932044050496911
0.11845286059629331
0.10932044050496911
0.11496105291431641
0.11576685468708031
0.11254364759602471
0.10932044050496911
0.1168412570507655
0.1141552511415525
0.11952726295997851
0.10556003223207092
0.11012624227773302
0.115498254096159
0.11469245232339512
0.10717163577759871
0.1141552511415525
0.1187214611872146
0.11818426000537201
0.1141552511415525
0.11334944936878862
0.12221326886919151
0.10287402632285791
-----------------------------------
0.11952726295997851
0.10905183991404781
0.1141552511415525
0.11308084877786731
0.10690303518667742
0.11120064464141821
0.11120064464141821
0.1017996239591727
0.12140746709642761
0.11737845823260812
0.10206822455009401
0.11281224818694602
0.11120064464141821
0.11308084877786731
0.1109320440504969
0.11899006177813591
0.1082460381412839
0.1036798280956218
0.1095890410958904
0.1050228310502283
0.11308084877786731
0.1082460381412839
0.115498254096159
0.1122750470051034
0.11710985764168681
0.11496105291431641
0.1122750470051034
0.10663443459575611
0.11146924523233952
0.11039484286865431
0.11925866236905722
0.11630405586892291
0.11737845823260812
0.10985764168681171
0.11200644641418211
-----------------------------------
0.11442385173247381
0.11281224818694602
0.11039484286865431
0.10609723341391351
0.1095890410958904
0.1077088369594413
0.12113886650550632
0.11334944936878862
0.11388665055063121
0.11522965350523771
0.11388665055063121
0.11066344345957561
0.11469245232339512
0.11254364759602471
0.10932044050496911
0.1050228310502283
0.11979586355089981
0.11308084877786731
0.10744023636852001
0.11254364759602471
0.11281224818694602
0.11146924523233952
0.11522965350523771
0.11576685468708031
0.10932044050496911
0.11146924523233952
0.11737845823260812
0.11146924523233952
0.10851463873220521
0.11925866236905722
0.12275047005103411
0.10797743755036261
0.1187214611872146
0.12140746709642761
0.1187214611872146
0.11442385173247381
0.11899006177813591
0.10556003223207092
0.10663443459575611
0.1109320440504969
0.11281224818694602
0.11496105291431641
0.11281224818694602
0.11066344345957561
0.10206822455009401
0.1109320440504969
0.10797743755036261
0.115498254096159
0.11710985764168681
0.11952726295997851
0.11039484286865431
0.11469245232339512
0.11496105291431641
0.11066344345957561
0.11388665055063121
0.11361804995970991
0.12033306473274241
0.10985764168681171
0.10582863282299221
-----------------------------------
0.12409347300564061
0.10717163577759871
0.12275047005103411
0.10529143164114961
0.10985764168681171
0.11630405586892291
0.11576685468708031
0.11764705882352941
0.10744023636852001
0.11334944936878862
0.11469245232339512
0.12140746709642761
0.11496105291431641
0.10717163577759871
0.11576685468708031
0.10690303518667742
0.11012624227773302
0.10905183991404781
0.11845286059629331
0.10556003223207092
0.11120064464141821
0.1122750470051034
0.1200644641418211
0.11603545527800162
0.11012624227773302
0.11764705882352941
0.10341122750470051
0.11710985764168681
0.10878323932312652
0.11603545527800162
0.10851463873220521
0.11281224818694602
0.11791565941445072
0.10448562986838571
0.10905183991404781
0.1141552511415525
0.11737845823260812
0.11791565941445072
0.11120064464141821
-----------------------------------
0.10985764168681171
0.10287402632285791
0.11308084877786731
0.11388665055063121
0.10663443459575611
0.11630405586892291
0.10905183991404781
0.11039484286865431
0.11952726295997851
0.10878323932312652
0.11066344345957561
0.0999194198227236
0.12060166532366372
0.1031426269137792
0.11281224818694602
0.11281224818694602
0.10797743755036261
0.11361804995970991
0.10878323932312652
0.11388665055063121
0.1095890410958904
0.11899006177813591
0.1063658340048348
0.11066344345957561
0.11173784582326081
0.1063658340048348
0.10932044050496911
0.10287402632285791
0.11576685468708031
0.11576685468708031
0.11657265645984421
0.10475423045930701
0.10448562986838571
0.11657265645984421
0.1232876712328767
0.1122750470051034
0.11200644641418211
0.1082460381412839
0.11120064464141821
0.10582863282299221
0.10233682514101532
-----------------------------------
0.11818426000537201
0.10448562986838571
0.11522965350523771
0.11120064464141821
0.11791565941445072
0.10475423045930701
0.1122750470051034
0.11200644641418211
0.11576685468708031
0.10797743755036261
0.115498254096159
0.11657265645984421
0.12194466827827022
0.11120064464141821
0.10985764168681171
0.11737845823260812
0.11173784582326081
0.11657265645984421
0.10905183991404781
0.10985764168681171
0.10717163577759871
0.1168412570507655
0.1109320440504969
0.1232876712328767
0.11012624227773302
0.10475423045930701
0.11146924523233952
0.11710985764168681
0.11388665055063121
0.11496105291431641
0.1141552511415525
0.11039484286865431
0.11039484286865431
0.11281224818694602
0.11039484286865431
0.1141552511415525
0.12087026591458501
0.12060166532366372
0.11630405586892291
0.11630405586892291
0.1200644641418211
0.11496105291431641
0.1095890410958904
0.115498254096159
0.10797743755036261
0.11630405586892291
0.12221326886919151
0.11710985764168681
0.11496105291431641
0.11657265645984421
0.1050228310502283
0.10851463873220521
0.1095890410958904
0.10582863282299221
0.11281224818694602
0.10905183991404781
-----------------------------------
0.11710985764168681
0.11308084877786731
0.11522965350523771
0.11442385173247381
0.12167606768734891
0.1200644641418211
0.1122750470051034
0.10609723341391351
0.11173784582326081
0.10932044050496911
0.10744023636852001
0.11469245232339512
0.1141552511415525
0.1141552511415525
0.11254364759602471
0.11200644641418211
0.12140746709642761
0.12221326886919151
0.10851463873220521
0.11146924523233952
0.1187214611872146
0.11522965350523771
0.11469245232339512
0.1031426269137792
0.11603545527800162
0.11200644641418211
0.11845286059629331
0.10905183991404781
0.10932044050496911
0.1095890410958904
0.11254364759602471
0.10905183991404781
0.1109320440504969
0.11308084877786731
0.11522965350523771
0.11361804995970991
0.11496105291431641
0.1109320440504969
0.10905183991404781
0.11120064464141821
0.1063658340048348
0.1063658340048348
0.11334944936878862
0.11388665055063121
0.10851463873220521
0.1109320440504969
0.115498254096159
0.10878323932312652
0.11146924523233952
0.1082460381412839
0.10932044050496911
0.1095890410958904
0.11120064464141821
0.11308084877786731
0.11442385173247381
0.1122750470051034
0.11496105291431641
0.11120064464141821
0.11469245232339512
0.115498254096159
0.10744023636852001
0.10878323932312652
0.1050228310502283
0.10878323932312652
0.11146924523233952
0.10582863282299221
0.11710985764168681
-----------------------------------
0.11200644641418211
0.115498254096159
0.11657265645984421
0.11173784582326081
0.11576685468708031
0.11012624227773302
0.11146924523233952
0.11630405586892291
0.11818426000537201
0.12060166532366372
0.11281224818694602
0.12194466827827022
0.11576685468708031
0.10341122750470051
0.11576685468708031
0.11630405586892291
0.10663443459575611
0.1187214611872146
0.10878323932312652
0.11254364759602471
0.11254364759602471
0.11845286059629331
0.10905183991404781
0.11496105291431641
0.11120064464141821
0.10932044050496911
0.11469245232339512
0.1122750470051034
0.1168412570507655
0.12087026591458501
0.11254364759602471
0.10878323932312652
0.10851463873220521
0.1187214611872146
0.1141552511415525
0.1141552511415525
0.10851463873220521
0.11899006177813591
0.11791565941445072
0.11120064464141821
0.11308084877786731
0.11979586355089981
0.115498254096159
0.11764705882352941
0.11845286059629331
0.11630405586892291
0.11764705882352941
0.1109320440504969
0.0985764168681171
0.11522965350523771
0.1036798280956218
0.11576685468708031
0.1200644641418211
0.11012624227773302
0.1095890410958904
0.11469245232339512
0.10153102336825141
0.11039484286865431
0.11791565941445072
0.11657265645984421
0.11281224818694602
0.11899006177813591
0.11576685468708031
0.10851463873220521
0.11737845823260812
0.10905183991404781
0.1187214611872146
0.11281224818694602
0.12033306473274241
0.12301907064195541
0.11254364759602471
0.11012624227773302
0.11361804995970991
0.11254364759602471
0.10690303518667742
-----------------------------------
0.10905183991404781
0.11388665055063121
0.10421702927746442
0.11576685468708031
0.10663443459575611
0.1077088369594413
0.11899006177813591
0.10394842868654311
0.11925866236905722
0.11334944936878862
0.10932044050496911
0.11066344345957561
0.10690303518667742
0.1168412570507655
0.1122750470051034
0.11146924523233952
0.12275047005103411
0.11254364759602471
0.11039484286865431
0.1141552511415525
0.10985764168681171
0.12221326886919151
0.11899006177813591
0.12113886650550632
0.10394842868654311
0.11710985764168681
0.12194466827827022
0.115498254096159
0.1063658340048348
0.10851463873220521
0.1050228310502283
0.11496105291431641
0.11576685468708031
0.12221326886919151
0.1286596830513027
-----------------------------------
