0.07923717432178351
0.07279076013967231
0.08111737845823261
0.07547676604888531
0.027665860864893903
0.10448562986838571
0.11791565941445072
0.11899006177813591
0.034918076819769
0.037335482138060705
0.0365296803652968
0.041901692183722805
0.037335482138060705
0.043781896320171904
0.0453934998656997
0.0424388933655654
0.1415525114155251
0.1571313456889605
0.1332258930969648
0.16384636046199302
0.15766854687080312
0.14370131614289552
0.1469245232339511
0.1232876712328767
0.128928283642224
0.16868117109857642
0.1614289551437013
0.16116035455278002
0.1608917539618587
0.16277195809830783
0.15363953800698363
0.16680096696212732
0.1635777598710717
0.1590115498254096
0.1662637657802847
0.2420091324200913
0.24550094010206822
0.2535589578297072
0.25382755842062854
0.24550094010206822
0.25302175664786464
0.24550094010206822
0.22025248455546603
0.24147193123824873
0.19285522428149343
0.19769003491807682
0.1525651356432984
0.1488047273704002
0.2172978780553317
0.2291163040558689
0.23690572119258663
0.23153370937416062
0.23233951114692453
0.2694063926940639
0.263228579102874
0.2876712328767123
0.2839108246038141
0.2763900080580177
0.2648401826484018
0.27450980392156865
0.2777330110126242
0.2852538275584206
0.28417942519473544
0.2718237980123556
0.28203062046736505
0.2814934192855224
0.2822992210582863
0.27880741337630943
0.29492344883158744
0.29572925060435135
0.29546065001343
0.28820843405855495
0.2898200376040827
0.2814934192855224
0.28713403169486973
0.2968036529680365
0.2814934192855224
0.2761214074670964
0.28901423583131886
0.28364222401289285
0.2817620198764437
0.2747784045124899
0.27209239860327694
0.28041901692183724
0.2726295997851195
0.28283642224012895
0.2747784045124899
0.2731668009669621
0.27665860864893904
0.2763900080580177
0.27746441042170294
0.28820843405855495
0.2769272092398603
0.26886919151222133
0.2669889873757722
0.27531560569433255
-----------------------------------
